f1(x) = 5.945518817343374 + (5.764588433108289*x1)
f2(x) = 5.93354961805587 + (5.793694004560009*x1)
