f1(x) = 411.2047296557743 + (-373.3627361235385*x1)
f2(x) = 312.72608726501045 + (25.78314463796555*x1)
