f1(x) = 47.58479413067634 + (9.742780792011171*x1)
f2(x) = 44.00047998867867 + (22.617898350080765*x1)
