f1(x) = 0.3752469762256842 + (-0.12188905886858513*x1)
f2(x) = 0.13402504522996275 + (0.39875908024640716*x1)
