f1(x) = -0.2606636462244991 + (-0.11631382722614925*x1)
f2(x) = -0.07998465459271129 + (0.3996483599129588*x1)
