f1(x) = 0.3480369332166257 + (-0.11631011689965745*x1)
f2(x) = 0.11380508444630162 + (0.39964713933913454*x1)
