f1(x) = 0.8821438104392201 + (0.09110761822321994*x1)
f2(x) = 0.6291440559606679 + (0.14464284521827495*x1)
