f1(x) = 1.604270920100821 + ([0.38757865]*x1) + ([0.84073805]*x2) + ([1.7257677]*x3) + ([0.24061282]*x4) + ([0.10665001]*x5)
f2(x) = 0.8361177541085196 + ([0.38757865]*x1) + ([0.84073805]*x2) + ([1.7257677]*x3) + ([0.24061282]*x4) + ([0.10665001]*x5)
f3(x) = 0.22074852147093726 + ([0.38757865]*x1) + ([0.84073805]*x2) + ([1.7257677]*x3) + ([0.24061282]*x4) + ([0.10665001]*x5)
f4(x) = 0.1595314314367522 + ([0.38757865]*x1) + ([0.84073805]*x2) + ([1.7257677]*x3) + ([0.24061282]*x4) + ([0.10665001]*x5)
f5(x) = 0.11221077043895639 + ([0.38757865]*x1) + ([0.84073805]*x2) + ([1.7257677]*x3) + ([0.24061282]*x4) + ([0.10665001]*x5)
