f1(x) = 1.200964953882786 + ([0.39526122]*x1) + ([1.12239305]*x2) + ([0.74084923]*x3) + ([-0.02751233]*x4)
f2(x) = -0.4818765566450116 + ([0.39526122]*x1) + ([1.12239305]*x2) + ([0.74084923]*x3) + ([-0.02751233]*x4)
f3(x) = 0.5123496984724507 + ([0.39526122]*x1) + ([1.12239305]*x2) + ([0.74084923]*x3) + ([-0.02751233]*x4)
f4(x) = 0.09977887843263199 + ([0.39526122]*x1) + ([1.12239305]*x2) + ([0.74084923]*x3) + ([-0.02751233]*x4)
