f1(x) = 1.0999999158678813 + ([0.90000003]*x1) + ([1.09999988]*x2) + ([0.90000013]*x3) + ([0.90000001]*x4)
f2(x) = 0.9000001111015922 + ([0.90000003]*x1) + ([1.09999988]*x2) + ([0.90000013]*x3) + ([0.90000001]*x4)
f3(x) = 0.9000000532722376 + ([0.90000003]*x1) + ([1.09999988]*x2) + ([0.90000013]*x3) + ([0.90000001]*x4)
f4(x) = 0.9000000194382649 + ([0.90000003]*x1) + ([1.09999988]*x2) + ([0.90000013]*x3) + ([0.90000001]*x4)
