f1(x) = 1.0999999072729598 + ([0.90000003]*x1) + ([1.09999944]*x2) + ([1.09999978]*x3) + ([0.90000006]*x4) + ([0.90000001]*x5)
f2(x) = 0.9000003927104523 + ([0.90000003]*x1) + ([1.09999944]*x2) + ([1.09999978]*x3) + ([0.90000006]*x4) + ([0.90000001]*x5)
f3(x) = 0.9000000751656099 + ([0.90000003]*x1) + ([1.09999944]*x2) + ([1.09999978]*x3) + ([0.90000006]*x4) + ([0.90000001]*x5)
f4(x) = 0.9000000591254542 + ([0.90000003]*x1) + ([1.09999944]*x2) + ([1.09999978]*x3) + ([0.90000006]*x4) + ([0.90000001]*x5)
f5(x) = 0.9000000224451126 + ([0.90000003]*x1) + ([1.09999944]*x2) + ([1.09999978]*x3) + ([0.90000006]*x4) + ([0.90000001]*x5)
