f1(x) = 1.1979672325536839 + ([0.80199575]*x1) + ([1.16924344]*x2) + ([0.80423212]*x3) + ([0.80049097]*x4)
f2(x) = 0.8097564611806982 + ([0.80199575]*x1) + ([1.16924344]*x2) + ([0.80423212]*x3) + ([0.80049097]*x4)
f3(x) = 0.8007282463647878 + ([0.80199575]*x1) + ([1.16924344]*x2) + ([0.80423212]*x3) + ([0.80049097]*x4)
f4(x) = 0.8004367653131791 + ([0.80199575]*x1) + ([1.16924344]*x2) + ([0.80423212]*x3) + ([0.80049097]*x4)
