f1(x) = 0.29106321767062254 + (-0.1159416524819555*x1)
f2(x) = 0.09818088793213525 + (0.39950443608028496*x1)
