f1(x) = 1.4449322171944454 + ([0.47167816]*x1) + ([1.39263036]*x2) + ([-0.18242553]*x3)
f2(x) = -0.16953340260797875 + ([0.47167816]*x1) + ([1.39263036]*x2) + ([-0.18242553]*x3)
f3(x) = 0.5416770183367698 + ([0.47167816]*x1) + ([1.39263036]*x2) + ([-0.18242553]*x3)
