f1(x) = 1.5635021963381557 + ([0.4219388]*x1) + ([1.43551552]*x2) + ([0.11761564]*x3)
f2(x) = 0.26519773885557973 + ([0.4219388]*x1) + ([1.43551552]*x2) + ([0.11761564]*x3)
f3(x) = 0.12583370767802582 + ([0.4219388]*x1) + ([1.43551552]*x2) + ([0.11761564]*x3)
