f1(x) = 1.391569927946613 + ([0.46098591]*x1) + ([1.20307898]*x2) + ([0.7903088]*x3) + ([-0.0197863]*x4)
f2(x) = -0.2687857839249634 + ([0.46098591]*x1) + ([1.20307898]*x2) + ([0.7903088]*x3) + ([-0.0197863]*x4)
f3(x) = 0.20306403688829305 + ([0.46098591]*x1) + ([1.20307898]*x2) + ([0.7903088]*x3) + ([-0.0197863]*x4)
f4(x) = 0.14119657269044236 + ([0.46098591]*x1) + ([1.20307898]*x2) + ([0.7903088]*x3) + ([-0.0197863]*x4)
