f1(x) = 1.3722051903589816 + ([0.44514366]*x1) + ([1.43224182]*x2) + ([-0.17961637]*x3)
f2(x) = -0.24019977727222266 + ([0.44514366]*x1) + ([1.43224182]*x2) + ([-0.17961637]*x3)
f3(x) = 0.548807618252875 + ([0.44514366]*x1) + ([1.43224182]*x2) + ([-0.17961637]*x3)
