f1(x) = 0.3682900309200146 + (-0.11631991673732003*x1)
f2(x) = 0.1204052906473543 + (0.39965232163470404*x1)
