f1(x) = 1.0999999180242976 + ([0.90000003]*x1) + ([1.09999988]*x2) + ([0.90000001]*x3)
f2(x) = 0.9000000503346736 + ([0.90000003]*x1) + ([1.09999988]*x2) + ([0.90000001]*x3)
f3(x) = 0.9000000163892734 + ([0.90000003]*x1) + ([1.09999988]*x2) + ([0.90000001]*x3)
