f1(x) = 1.3303602638409653 + ([0.43017581]*x1) + ([1.02929155]*x2) + ([1.25347233]*x3) + ([0.60855358]*x4) + ([-0.03209863]*x5)
f2(x) = 0.46685961417856486 + ([0.43017581]*x1) + ([1.02929155]*x2) + ([1.25347233]*x3) + ([0.60855358]*x4) + ([-0.03209863]*x5)
f3(x) = -0.19271902731701393 + ([0.43017581]*x1) + ([1.02929155]*x2) + ([1.25347233]*x3) + ([0.60855358]*x4) + ([-0.03209863]*x5)
f4(x) = 0.22477121312672502 + ([0.43017581]*x1) + ([1.02929155]*x2) + ([1.25347233]*x3) + ([0.60855358]*x4) + ([-0.03209863]*x5)
f5(x) = 0.11113324700501206 + ([0.43017581]*x1) + ([1.02929155]*x2) + ([1.25347233]*x3) + ([0.60855358]*x4) + ([-0.03209863]*x5)
