f1(x) = 1.4849497844991715 + ([0.47976456]*x1) + ([0.87828886]*x2) + ([1.27456277]*x3) + ([0.54977925]*x4) + ([-0.00573019]*x5)
f2(x) = 0.46825668979132173 + ([0.47976456]*x1) + ([0.87828886]*x2) + ([1.27456277]*x3) + ([0.54977925]*x4) + ([-0.00573019]*x5)
f3(x) = -0.21014360603991833 + ([0.47976456]*x1) + ([0.87828886]*x2) + ([1.27456277]*x3) + ([0.54977925]*x4) + ([-0.00573019]*x5)
f4(x) = 0.2824672425662672 + ([0.47976456]*x1) + ([0.87828886]*x2) + ([1.27456277]*x3) + ([0.54977925]*x4) + ([-0.00573019]*x5)
f5(x) = 0.10033369737968244 + ([0.47976456]*x1) + ([0.87828886]*x2) + ([1.27456277]*x3) + ([0.54977925]*x4) + ([-0.00573019]*x5)
