f1(x) = 1.529185817743979 + ([0.44904187]*x1) + ([1.41314459]*x2) + ([0.25351608]*x3) + ([0.11212808]*x4)
f2(x) = 0.261319864228059 + ([0.44904187]*x1) + ([1.41314459]*x2) + ([0.25351608]*x3) + ([0.11212808]*x4)
f3(x) = 0.17023824739570587 + ([0.44904187]*x1) + ([1.41314459]*x2) + ([0.25351608]*x3) + ([0.11212808]*x4)
f4(x) = 0.12055958893804487 + ([0.44904187]*x1) + ([1.41314459]*x2) + ([0.25351608]*x3) + ([0.11212808]*x4)
