f1(x) = 1.0999998720353366 + (0.9000000126003747*x1)
f2(x) = 0.9000000338678751 + (0.9000000070029379*x1)
