f1(x) = 0.2149301275084282 + (-0.11624927090247315*x1)
f2(x) = 0.0742855011963407 + (0.4002592208790456*x1)
