f1(x) = -1.1639935036969469 + (-0.11631869686414638*x1)
f2(x) = -0.36754480097565023 + (0.39965080792721747*x1)
