f1(x) = 0.37695686494587616 + (-0.1163204758865464*x1)
f2(x) = 0.12317794775547787 + (0.3996527443652603*x1)
