f1(x) = 5.924181178571429 + (5.976989756838518*x1)
f2(x) = -3.9084099172571904 + (6.000132847534185*x1)
