f1(x) = 62.4820622006274 + (54.96894669182342*x1)
f2(x) = -97.72914289052754 + (97.82914718026171*x1)
