f1(x) = 42.02455948922897 + (40.13690252385421*x1)
f2(x) = -40.773465587483244 + (42.5601077800778*x1)
